%% bus location
%	bus_i	x	y
locations = [
	1	1564.8803362918486	650.6072361772077;
	2	1475.1900138098815	658.2270303271429;
	3	1504.3729892602414	538.3352625921962;
	4	1552.381750413515	394.28680755758955;
	5	1495.9172609244354	407.5142487360122;
	6	1605.5625645646141	462.98461432361523;
	7	1556.9197320237515	548.0243975265961;
	8	1406.6062721273856	293.0231085645171;
	9	1544.9714179077498	230.32054807153;
	10	1656.4527866139488	185.79882205801798;
	11	1435.654654812941	451.27510506983094;
	12	1417.7136830957945	546.3993406537344;
	13	1317.4243908484407	458.8251680632916;
	14	1295.479826282661	550.9062392304862;
	15	1218.6404803820872	450.8823339632806;
	16	1339.965510903898	405.6060384719178;
	17	1263.3106423607303	292.03149545404557;
	18	1181.697475822577	358.7660863157468;
	19	1109.577753151502	434.62171752573266;
	20	1052.2979312192701	318.68074394601564;
	21	1006.3683351418152	202.9170759376234;
	22	990.8779887834271	101.08060541482276;
	23	1025.0391372728802	25.88170778500179;
	24	857.1434845155013	33.43360762062246;
	25	1117.2958191531577	37.9491246282201;
	26	1132.2978185775394	168.66146358551723;
	27	1219.6470384013926	-39.72317438751215;
	28	1323.2169906926742	-69.2563205504026;
	29	1356.8870532640449	19.55327911649644;
	30	1177.7803228541477	291.57787216131635;
	31	1291.1477039312201	120.9217999303904;
	32	1184.6949351490014	39.688613586700164;
	33	1119.0430772684658	519.7884657420177;
	34	1034.0532823994927	564.0925185279143;
	35	993.2621485877862	632.7299945679524;
	36	1052.4920712532485	683.2396448420262;
	37	980.4062014291711	507.5388573182045;
	38	954.5145956399084	402.4146132894698;
	39	903.9504274944148	512.1448424983536;
	40	844.419469939844	452.67811900157216;
	41	783.8463735843424	387.1043469058945;
	42	693.2533302865431	416.0097752626648;
	43	910.1373915919271	625.7444151915727;
	44	771.8001733508908	570.6449636506555;
	45	615.2241132746526	468.28709512447625;
	46	532.62411616101	374.66439660415375;
	47	485.6075152327021	322.5297383048954;
	48	439.26787609904414	400.6828926090894;
	49	517.0314246841536	446.36460611234475;
	50	449.6931432015634	495.40504776139363;
	51	349.3180172965711	501.42525322511057;
	52	241.0889691742082	567.0510990106985;
	53	287.9392908463902	662.337781239545;
	54	436.61438965556954	627.8765321712366;
	55	389.99527338606555	748.6838745492504;
	56	386.3731037558016	675.7782129616324;
	57	399.1388826096299	575.0998244139113;
	58	311.5426994194982	604.6086900418652;
	59	474.5802204183092	737.5588692822338;
	60	511.9207308108201	799.793121895173;
	61	568.3747648027785	752.4693324161627;
	62	574.4998589307738	678.0513205222024;
	63	599.974148986128	811.3157824866051;
	64	668.118585790185	695.9107669836235;
	65	712.5144948877399	485.6624946091822;
	66	595.8574916555424	553.4924494435293;
	67	638.8960592048182	629.093583767424;
	68	586.8216431076406	292.41389878671976;
	69	540.0245251169941	220.27323794984798;
	70	692.5751035393628	86.63426297801969;
	71	747.1798497064891	-54.079480738285646;
	72	848.1788322569964	-66.16230572537485;
	73	754.3001693764332	-173.6927438024801;
	74	645.146221375603	33.930385094794055;
	75	565.661949347954	107.53909074224138;
	76	471.78366928048484	57.31018354700229;
	77	408.99910765799865	110.05087076249909;
	78	432.2700327276691	-4.3217805375070375;
	79	362.35028836203406	-56.040042528523465;
	80	309.53253083327974	19.890005084992136;
	81	414.6327565702116	182.14755664025458;
	82	222.38335373048358	151.65358598311775;
	83	63.47399011432757	191.6585648471961;
	84	-25.443522477511284	242.27630830851044;
	85	-75.0414071086152	168.32296624268778;
	86	-184.13078087394595	239.50282093732687;
	87	-281.0291477558535	285.0442019527275;
	88	-148.14968001925965	115.95033897069243;
	89	-89.72794350675177	41.70438725705235;
	90	-187.75392694516412	-10.346470208686542;
	91	-129.13981791680905	-85.20347441586897;
	92	-8.812070048273162	-79.86145672000926;
	93	28.434482038374266	-22.85546000610184;
	94	102.06828308665989	-61.04012397326082;
	95	125.85175892659127	20.198888918522254;
	96	195.0236660112873	37.8424965540841;
	97	260.35873772503714	74.13098582570944;
	98	249.16451117236906	-124.21448805784699;
	99	219.36159336936313	-92.5596206193145;
	100	119.32699580687047	-177.5147728072336;
	101	23.236343136209133	-201.2851119338369;
	102	-55.686755567880944	-154.66970485699116;
	103	56.11921054201269	-332.33605485152674;
	104	110.12243063946278	-278.9151006732688;
	105	142.75588216515996	-376.44703602546684;
	106	190.6207045432102	-282.623410656016;
	107	232.35398356763676	-373.03657882953763;
	108	144.8503769956794	-485.44593090464605;
	109	60.4883027124219	-522.6303312465294;
	110	-12.11504577012847	-449.37229056647766;
	111	-63.162510379162136	-552.6440969888746;
	112	-114.56195660162096	-453.6269288422445;
	113	1234.5542018016904	169.1664056610005;
	114	1145.8988490889822	-92.46769262789756;
	115	1214.7119587123386	-148.95626671990763;
	116	668.848656229297	244.73897171408154;
	117	1387.178774990233	653.0541213771595;
	118	553.5143357994917	14.932634526987442;
];